10
FractalBush
0 0 200 0 0 200 4
0 0 100 0 0 100 
0 100 100 100 0 200 
0 100 81.9152 157.358 -57.3576 181.915 
0 100 81.9152 42.6424 57.3576 181.915 
FractalC
0 0 200 0 0 200 2
200 0 306.066 -106.066 306.066 106.066 
-106.066 -106.066 0 0 -212.132 -1.0985e-11 
FractalHangman
0 0 200 0 0 200 3
100 0 200 0 100 100 
0 0 100 0 0 100 
1.03739e-11 200 1.05641e-14 100 100 200 
FractalStairs
0 0 200 0 0 200 3
0 0 200 0 0 200 
0 100 100 100 0 200 
100 0 200 0 100 100 
FractalTree
0 0 200 0 0 200 3
0 0 200 0 0 200 
0 200 125.167 245.557 -45.5571 325.167 
0 200 125.261 154.409 45.5913 325.261  
KochSnowflakeSide
0 0 200 0 0 200 4
-21.6506 37.5 11.6827 95.235 -79.3857 70.8333 
21.6506 37.5 54.984 -20.235 79.3857 70.8333 
86.6025 0 153.269 0 86.6025 66.6667 
-86.6025 0 -19.9359 0 -86.6025 66.6667 
RelectSnowflake
0 0 200 0 0 200 3
-64.9519 -112.5 -164.952 60.7051 -238.157 -212.5 
64.9519 -112.5 -35.0481 -285.705 238.157 -212.5 
0 0 200 0 0 200 
SnowFlakeSide4
0 0 200 0 0 200 5
-70.7107 0 -4.044 0 -70.7107 66.6667 
70.7107 0 137.377 0 70.7107 66.6667 
-35.3553 35.3553 -35.3553 102.022 -102.022 35.3553 
35.3553 35.3553 35.3553 -31.3113 102.022 35.3553 
0 70.7107 66.6667 70.7107 0 137.377 
SnowFlakeSide5
0 0 200 0 0 200 6
-38.471 27.9508 -59.0722 91.3546 -101.875 7.34972 
-21.0637 64.8274 32.8708 104.013 -60.2494 118.762 
38.471 27.9508 17.8699 -35.4529 101.875 7.34972 
21.0637 64.8274 74.9982 25.6417 60.2494 118.762 
58.7785 0 125.445 0 58.7785 66.6667 
-58.7785 0 7.88814 0 -58.7785 66.6667 
SquareGasket
0 0 200 0 0 200 8
66.6667 0 133.333 0 66.6667 66.6667 
-66.6667 0 -6.6791e-13 0 -66.6667 66.6667 
0 66.6667 66.6667 66.6667 0 133.333 
66.6667 -66.6667 133.333 -66.6667 66.6667 -5.96856e-13 
0 -66.6667 66.6667 -66.6667 0 -5.96856e-13 
-66.6667 -66.6667 -6.6791e-13 -66.6667 -66.6667 -5.96856e-13 
-66.6667 66.6667 -6.6791e-13 66.6667 -66.6667 133.333 
66.6667 66.6667 133.333 66.6667 66.6667 133.333 
