5
MakeMedallion
0 0 200 0 0 200 4
-100 1.03634e-11 -100 -200 100 -1.03634e-11 
2.07267e-11 100 -200 100 -2.07267e-11 -100 
100 1.03634e-11 100 200 -100 -1.03634e-11 
0 -100 200 -100 0 100 
MeshGrain
0 0 200 0 0 200 8
35.3553 -35.3553 -35.3553 -106.066 106.066 -106.066 
35.3553 35.3553 106.066 -35.3553 106.066 106.066 
-35.3553 35.3553 35.3553 106.066 -106.066 106.066 
-35.3553 -35.3553 -106.066 35.3553 -106.066 -106.066 
-30 0 -30 66.6667 -96.6667 -6.91358e-12 
0 30 66.6667 30 0 96.6667 
0 -30 -66.6667 -30 1.3813e-11 -96.6667 
30 1.85473e-307 30 -66.6667 96.6667 -6.91713e-12 
PentaMosaic
0 0 200 0 0 200 5
29.3893 -40.4508 -51.5124 -99.2294 88.1678 -121.353 
47.5528 15.4508 78.4545 -79.6548 142.658 46.3525 
-47.5528 15.4508 -16.6511 110.557 -142.658 46.3525 
-29.3893 -40.4508 -110.291 18.3277 -88.1678 -121.353 
0 50 100 50 0 150 
ScaleDown
0 0 200 0 0 200 1
0 0 100 0 0 100 
StarPattern
0 0 200 0 0 200 5
29.3893 -40.4508 -51.5124 -99.2294 88.1678 -121.353 
-29.3893 -40.4508 -110.291 18.3277 -88.1678 -121.353 
0 50 100 50 0 150 
-47.5528 15.4508 -26.9517 78.8546 -110.957 36.052 
47.5528 15.4508 68.154 -47.9529 110.957 36.052 
