3
Scale
0 0 200 0 0 200 10
0 0 5452.25 3501.5 3501.5 2534.33 
0 0 3799.32 2399.55 2399.55 1799.7 
0 0 2653.23 1635.48 1635.48 1290.32 
0 0 1858.55 1105.7 1105.7 937.133 
0 0 1307.54 738.361 738.361 692.241 
0 0 925.486 483.657 483.657 522.438 
0 0 660.578 307.052 307.052 404.702 
0 0 476.898 184.599 184.599 323.066 
0 0 349.538 99.6923 99.6923 266.462 
0 0 261.231 40.8204 40.8204 227.214 
Shift
0 0 200 0 0 200 10
200 200 400 200 200 400 
180 180 380 180 180 380 
160 160 360 160 160 360 
140 140 340 140 140 340 
120 120 320 120 120 320 
100 100 300 100 100 300 
80 80 280 80 80 280 
60 60 260 60 60 260 
40 40 240 40 40 240 
20 20 220 20 20 220 
Spin
0 0 200 0 0 200 10
0 0 61.8034 190.211 -190.211 61.8034 
0 0 -61.8034 190.211 -190.211 -61.8034 
0 0 161.803 117.557 -117.557 161.803 
0 0 -161.803 117.557 -117.557 -161.803 
0 0 -200 -4.14534e-11 4.14534e-11 -200 
0 0 -161.803 -117.557 117.557 -161.803 
0 0 -61.8034 -190.211 190.211 -61.8034 
0 0 61.8034 -190.211 190.211 61.8034 
0 0 161.803 -117.557 117.557 161.803 
0 0 200 0 0 200 
