2
Fern
0 0 200 0 0 200 3
5.18341e-12 25 0 75 -50 25 
0 15 30 66.9615 51.9615 -15 
10 35 167.569 7.21629 37.7837 192.569  
Spin
0 0 200 0 0 200 10
0 0 61.8034 190.211 -190.211 61.8034 
0 0 -61.8034 190.211 -190.211 -61.8034 
0 0 161.803 117.557 -117.557 161.803 
0 0 -161.803 117.557 -117.557 -161.803 
0 0 -200 -4.14534e-11 4.14534e-11 -200 
0 0 -161.803 -117.557 117.557 -161.803 
0 0 -61.8034 -190.211 190.211 -61.8034 
0 0 61.8034 -190.211 190.211 61.8034 
0 0 161.803 -117.557 117.557 161.803 
0 0 200 0 0 200 
