9
C15_07
0 0 200 0 0 200 2
200 0 335.23 -36.2347 236.235 135.23 
-135.23 -36.2347 0 0 -171.464 98.9949 
C15_08
0 0 200 0 0 200 2
200 0 354.548 -41.411 241.411 154.548 
-154.548 -41.411 0 0 -195.959 113.137 
C30_07
0 0 200 0 0 200 2
200 0 321.244 -70 270 121.244 
-121.244 -70 0 0 -191.244 51.2436 
C30_08
0 0 200 0 0 200 2
200 0 338.564 -79.9999 280 138.564 
-138.564 -79.9999 0 0 -218.564 58.564 
C45_07
0 0 200 0 0 200 2
200 0 298.995 -98.9949 298.995 98.9949 
-98.9949 -98.9949 0 0 -197.99 -1.02585e-11 
C45_08
0 0 200 0 0 200 2
200 0 313.137 -113.137 313.137 113.137 
-113.137 -113.137 0 0 -226.274 -1.1724e-11 
C60_07
0 0 200 0 0 200 2
200 0 270 -121.244 321.244 70 
-70 -121.244 0 0 -191.244 -51.2436 
C60_08
0 0 200 0 0 200 2
200 0 280 -138.564 338.564 80 
-80 -138.564 0 0 -218.564 -58.5641 
default
0 0 200 0 0 200 2
200 0 335.23 -36.2347 236.235 135.23 
-135.23 -36.2347 0 0 -171.464 98.9949 
